18
10
18
94
50
65
2
54
12
96
62
25
18
18
14
65
76
58
2
17
76
56
28
90
3
38
31
13
19
79
71
37
88
88
30
90
5
83
95
16
79
8
92
48
26
57
13
53
66
66
21
94
73
49
83
27
86
66
91
56
44
62
44
83
1
25
24
5
8
18
72
86
78
64
33
55
72
97
7
38
14
79
31
38
27
65
16
64
30
7
20
25
68
63
8
68
88
31
25
95
1
96
32
78
11
16
84
83
13
90
72
78
68
54
68
47
18
83
10
100
89
29
24
8
92
31
28
31
14
52
25
66
47
56
95
10
71
78
44
35
19
15
65
38
20
32
84
37
66
94
36
55
74
60
14
17
42
41
47
55
92
71
72
91
78
66
100
1
43
95
87
61
61
51
99
80
34
34
16
100
27
4
6
53
63
19
69
4
60
16
11
51
38
34
93
16
100
44
68
94
38
54
7
98
57
57
77
90
90
45
89
69
48
46
21
10
65
89
65
24
56
27
26
94
61
19
9
12
62
28
5
52
81
11
49
37
67
78
79
9
22
19
37
65
49
78
29
37
94
4
93
21
29
38
33
99
98
44
13
25
100
64
5
63
64
94
29
41
72
89
62
90
65
30
54
65
59
34
54
5
37
46
77
66
35
9
64
32
4
28
56
3
91
12
65
55
5
46
47
76
86
9
18
3
90
71
67
49
5
20
53
41
17
29
58
51
89
74
82
92
1
37
46
44
49
63
98
5
8
44
81
93
4
98
95
94
20
14
42
76
33
46
17
50
26
26
100
14
99
34
5
100
22
2
43
22
64
92
27
23
87
59
68
91
8
62
36
27
75
29
3
60
74
71
9
99
48
60
64
47
45
20
98
67
21
92
88
85
35
66
7
21
24
74
63
83
88
98
10
14
-1
-1
-1
-1
-1
-1
-1
-1
-1
-1
-1
-1
-1
-1
-1
-1
-1
-1
-1
-1
-1
-1
-1
-1
-1
-1
-1
-1
-1
-1
-1
-1
-1
-1
-1
-1
-1
-1
-1
-1
-1
-1
-1
-1
-1
-1
-1
-1
-1
-1
-1
-1
-1
-1
-1
-1
-1
-1
-1
-1
-1
-1
-1
-1
-1
-1
-1
-1
-1
-1
-1
-1
-1
-1
-1
-1
-1
-1
-1
-1
-1
-1
-1
-1
-1
-1
-1
-1
-1
-1
-1
-1
-1
-1
-1
-1
-1
-1
-1
-1
-1
-1
-1
-1
-1
-1
-1
-1
-1
-1
-1
-1
-1
-1
-1
-1
-1
-1
-1
-1
-1
-1
-1
-1
-1
-1
-1
-1
-1
-1
-1
-1
-1
-1
-1
-1
-1
-1
-1
-1
-1
-1
-1
-1
-1
-1
-1
-1
-1
-1
-1
-1
-1
-1
-1
-1
-1
-1
-1
-1
-1
-1
-1
-1
-1
-1
-1
-1
-1
-1
-1
-1
-1
-1
-1
-1
-1
-1
-1
-1
-1
-1
-1
-1
-1
-1
-1
-1
-1
-1
-1
-1
-1
-1
-1
-1
-1
-1
-1
-1
